00000 00000 00000 00000
00000 00000 00000 00000
00000 00000 00000 00000
00000 00000 00000 00000

00000 00000 00000 00000
00000 00000 00000 00000
00000 00000 00000 00000
00000 00000 00000 00000

16866 00000 00000 00000
16866 14753 16866 00000
16866 00000 00000 00000
16866 00000 00000 00000

16866 14753 16866 14753
16866 14753 16866 14753
16866 14753 16866 14753
16866 14753 16866 14753

16866 00000 16866 00000
16866 14753 16866 14753
16866 14753 00000 00000
16866 00000 16866 00000

16866 14753 16866 14753
16866 14753 16866 14753
16866 14753 00000 00000
00000 00000 00000 00000

16866 00000 16866 00000
16866 14753 16866 14753
16866 14753 16866 14753
16866 14753 00000 00000

00000 00000 00000 00000
16866 00000 00000 00000
16866 00000 00000 00000
16866 00000 00000 00000

16866 00000 16866 00000
16866 14753 16866 14753
16866 14753 00000 00000
16866 00000 16866 00000

16866 14753 16866 16866
16866 14753 16866 14753
16866 14753 00000 00000
00000 00000 00000 00000

16866 00000 16866 00000
16866 14753 16866 14753
16866 14753 16866 14753
16866 14753 00000 00000

00000 00000 00000 00000
16866 00000 00000 00000
16866 00000 00000 00000
16866 00000 00000 00000

16866 00000 16866 00000
16866 14753 16866 14753
16866 14753 00000 00000
16866 00000 16866 00000

16866 14753 16866 16866
16866 14753 16866 14753
16866 14753 00000 00000
00000 00000 00000 00000

16866 00000 16866 00000
16866 14753 16866 14753
16866 14753 16866 14753
16866 14753 00000 00000

00000 00000 00000 00000
16866 00000 00000 00000
16866 00000 00000 00000
16866 00000 00000 00000

16866 00000 16866 00000
16866 14753 16866 14753
16866 14753 00000 00000
16866 00000 16866 00000

16866 14753 16866 14753
16866 14753 16866 14753
16866 14753 00000 00000
00000 00000 00000 00000

16866 00000 16866 00000
16866 14753 16866 14753
16866 14753 16866 14753
16866 14753 00000 00000
