04063 00000 00000 00000
04063 08159 04063 00000
04063 00000 00000 00000
04063 00000 00000 00000

04063 00000 00000 00000
04063 08159 04063 00000
04063 00000 00000 00000
04063 00000 00000 00000

04063 00000 00000 00000
04063 08159 04063 00000
04063 00000 00000 00000
04063 00000 00000 00000

04063 08159 04063 08159
04063 08159 04063 08159
04063 08159 04063 08159
04063 08159 04063 08159

04063 00000 04063 00000
04063 08159 04063 08159
04063 08159 00000 00000
04063 00000 04063 00000

04063 08159 04063 08159
04063 08159 04063 08159
04063 08159 00000 00000
00000 00000 00000 00000

04063 00000 04063 00000
04063 08159 04063 08159
04063 08159 04063 08159
04063 08159 00000 00000

00000 00000 00000 00000
04063 00000 00000 00000
04063 00000 00000 00000
04063 00000 00000 00000

04063 00000 04063 00000
04063 08159 04063 08159
04063 08159 00000 00000
04063 00000 04063 00000

04063 08159 04063 04063
04063 08159 04063 08159
04063 08159 00000 00000
00000 00000 00000 00000

04063 00000 04063 00000
04063 08159 04063 08159
04063 08159 04063 08159
04063 08159 00000 00000

00000 00000 00000 00000
04063 00000 00000 00000
04063 00000 00000 00000
04063 00000 00000 00000

04063 00000 04063 00000
04063 08159 04063 08159
04063 08159 00000 00000
04063 00000 04063 00000

04063 08159 04063 04063
04063 08159 04063 08159
04063 08159 00000 00000
00000 00000 00000 00000

04063 00000 04063 00000
04063 08159 04063 08159
04063 08159 04063 08159
04063 08159 00000 00000

00000 00000 00000 00000
04063 00000 00000 00000
04063 00000 00000 00000
04063 00000 00000 00000

04063 00000 04063 00000
04063 08159 04063 08159
04063 08159 00000 00000
04063 00000 04063 00000

04063 08159 04063 08159
04063 08159 04063 08159
04063 08159 00000 00000
00000 00000 00000 00000

04063 00000 04063 00000
04063 08159 04063 08159
04063 08159 04063 08159
04063 08159 00000 00000
