00000 00000 00000 00000
00000 00000 00000 00000
00000 00000 00000 00000
00000 00000 00000 00000

00000 00000 00000 00000
00000 00000 00000 00000
00000 00000 00000 00000
00000 00000 00000 00000

00000 00000 00000 00000
00000 00000 00000 00000
00000 00000 00000 00000
00000 00000 00000 00000

00000 00000 00000 00000
00000 00000 00000 00000
00000 00000 00000 00000
00000 00000 00000 00000

00000 00000 00000 00000
00000 00000 00000 00000
00000 00000 00000 00000
00000 00000 00000 00000

00000 00000 00000 00000
00000 00000 00000 00000
00000 00000 00000 00000
00000 00000 00000 00000

00000 00000 00000 00000
04611 00000 00000 00000
00000 00000 00000 00000
00000 00000 00000 00000

00000 00000 00000 00000
00000 00000 00000 00000
00000 00000 00000 00000
00000 00000 00000 00000

00000 00000 00000 00000
04611 00000 00000 00000
00000 00000 00000 00000
00000 00000 00000 00000

00000 00000 00000 00000
00000 00000 00000 00000
00000 00000 00000 00000
00000 00000 00000 00000

00000 00000 00000 00000
04611 00000 00000 00000
00000 00000 00000 00000
00000 00000 00000 00000

00000 00000 00000 00000
00000 00000 00000 00000
00000 00000 00000 00000
00000 00000 00000 00000

04611 00000 00000 00000
00000 00000 00000 00000
00000 00000 00000 00000
00000 00000 00000 00000

00000 00000 00000 00000
00000 00000 00000 00000
00000 00000 00000 00000
04611 16489 04611 16489

00000 00000 00000 00000
00000 00000 00000 00000
00000 00000 00000 00000
00000 00000 00000 00000

00000 00000 00000 00000
00000 00000 00000 00000
00000 00000 00000 00000
00000 00000 00000 00000

00000 00000 00000 00000
00000 00000 00000 00000
00000 00000 00000 00000
00000 00000 00000 00000

00000 00000 00000 00000
00000 00000 00000 00000
00000 00000 00000 00000
04611 16489 04611 16489

00000 00000 00000 00000
00000 00000 00000 00000
00000 00000 00000 00000
00000 00000 00000 00000
