00000 00000 00000 00000
00000 00000 00000 00000
00000 00000 00000 00000
00000 00000 00000 00000

14367 00000 00000 00000
14367 12314 14367 00000
14367 00000 00000 00000
14367 00000 00000 00000

14367 00000 00000 00000
14367 12314 14367 00000
14367 00000 00000 00000
14367 00000 00000 00000

14367 12314 14367 12314
14367 12314 14367 12314
14367 12314 14367 12314
14367 12314 14367 12314

00000 00000 00000 00000
00000 00000 00000 00000
00000 00000 00000 00000
00000 00000 00000 00000

00000 00000 00000 00000
00000 00000 00000 00000
00000 00000 00000 00000
00000 00000 00000 00000

00000 00000 00000 00000
00000 00000 00000 00000
17502 00000 00000 00000
00000 00000 00000 00000

00000 00000 17502 00000
00000 00000 00000 00000
17502 00000 00000 00000
00000 00000 00000 00000

00000 00000 00000 00000
00000 00000 00000 00000
17502 00000 00000 00000
00000 00000 00000 00000

00000 00000 17502 00000
00000 00000 00000 00000
17502 00000 00000 00000
00000 00000 00000 00000

00000 00000 00000 00000
00000 00000 00000 00000
17502 00000 00000 00000
00000 00000 00000 00000

00000 00000 17502 00000
00000 00000 00000 00000
17502 00000 00000 00000
00000 00000 00000 00000

00000 00000 00000 00000
00000 00000 00000 00000
17502 00000 00000 00000
00000 00000 00000 00000

00000 00000 00000 00000
00000 00000 00000 00000
17502 00000 00000 00000
00000 00000 00000 00000

00000 00000 00000 00000
00000 00000 00000 00000
17502 00000 00000 00000
00000 00000 00000 00000

00000 00000 00000 00000
00000 00000 00000 00000
17502 00000 00000 00000
00000 00000 00000 00000

00000 00000 00000 00000
00000 00000 00000 00000
17502 00000 00000 00000
00000 00000 00000 00000

00000 00000 00000 00000
00000 00000 00000 00000
17502 00000 00000 00000
00000 00000 00000 00000

00000 00000 00000 00000
00000 00000 00000 00000
17502 00000 00000 00000
00000 00000 00000 00000
