00000 00000 00000 00000
00000 00000 00000 00000
00000 00000 00000 00000
00000 00000 00000 00000

32288 00000 00000 00000
32288 28128 32288 00000
32288 00000 00000 00000
32288 00000 00000 00000

32288 00000 00000 00000
32288 28128 32288 00000
32288 00000 00000 00000
32288 00000 00000 00000

32288 28128 32288 28128
32288 28128 32288 28128
32288 28128 32288 28128
32288 28128 32288 28128

04895 00000 00000 00000
00000 00000 00000 00000
00000 00000 00000 00000
00000 00000 00000 00000

00000 00000 00000 00000
04895 00000 00000 00000
00000 00000 00000 00000
00000 00000 00000 00000

04895 00000 00000 00000
00000 00000 00000 00000
00000 00000 00000 00000
00000 00000 00000 00000

00000 00000 00000 00000
04895 00000 00000 00000
04895 00000 00000 00000
04895 00000 00000 00000

04895 00000 00000 00000
00000 00000 00000 00000
00000 00000 00000 00000
00000 00000 00000 00000

00000 00000 00000 00000
04895 00000 00000 00000
00000 00000 00000 00000
00000 00000 00000 00000

04895 00000 00000 00000
00000 00000 00000 00000
00000 00000 00000 00000
00000 00000 00000 00000

00000 00000 00000 00000
00000 00000 00000 00000
00000 00000 00000 00000
00000 00000 00000 00000

04895 00000 00000 00000
04895 00000 00000 00000
04895 00000 00000 00000
04895 00000 00000 00000

04895 00000 00000 00000
04895 00000 00000 00000
04895 00000 00000 00000
04895 00000 00000 00000

04895 00000 00000 00000
04895 00000 00000 00000
04895 00000 00000 00000
04895 00000 00000 00000

04895 00000 00000 00000
04895 00000 00000 00000
04895 00000 00000 00000
04895 00000 00000 00000

04895 00000 00000 00000
04895 00000 00000 00000
04895 00000 00000 00000
04895 00000 00000 00000

04895 00000 00000 00000
04895 00000 00000 00000
04895 00000 00000 00000
04895 00000 00000 00000

04895 00000 00000 00000
04895 00000 00000 00000
04895 00000 00000 00000
04895 00000 00000 00000
