00000 00000 00000 00000
00000 00000 00000 00000
00000 00000 00000 00000
00000 00000 00000 00000

00000 00000 00000 00000
00000 00000 00000 00000
00000 00000 00000 00000
00000 00000 00000 00000

00000 00000 00000 00000
00000 00000 00000 00000
00000 00000 00000 00000
00000 00000 00000 00000

00000 00000 00000 00000
00000 00000 00000 00000
00000 00000 00000 00000
00000 00000 00000 00000

00000 00000 00000 00000
00000 00000 00000 00000
00000 00000 00000 00000
00000 00000 00000 00000

00000 00000 00000 00000
00000 00000 00000 00000
00000 00000 00000 00000
00000 00000 00000 00000

32656 32336 32656 32336
32656 32336 32656 32336
00000 00000 00000 00000
00000 00000 32656 00000

32656 32336 32656 32336
32656 32336 32656 32336
00000 00000 00000 00000
32656 32336 00000 00000

32656 32336 32656 32336
32656 32336 32656 32336
00000 00000 00000 00000
00000 00000 32656 00000

32656 32336 32656 32336
32656 32336 32656 32336
00000 00000 00000 00000
00000 00000 32656 00000

32656 32336 32656 32336
32656 32336 32656 32336
00000 00000 00000 00000
00000 00000 32656 00000

32656 32336 32656 32336
32656 32336 32656 32336
32656 32336 32656 32336
32656 32336 00000 00000

00000 00000 00000 00000
00000 00000 00000 00000
00000 00000 00000 00000
00000 00000 00000 00000

00000 00000 00000 00000
00000 00000 00000 00000
00000 00000 00000 00000
00000 00000 00000 00000

00000 00000 00000 00000
00000 00000 00000 00000
00000 00000 00000 00000
00000 00000 00000 00000

00000 00000 00000 00000
00000 00000 00000 00000
00000 00000 00000 00000
00000 00000 00000 00000

00000 00000 00000 00000
00000 00000 00000 00000
00000 00000 00000 00000
00000 00000 00000 00000

00000 00000 00000 00000
00000 00000 00000 00000
00000 00000 00000 00000
00000 00000 00000 00000

00000 00000 00000 00000
00000 00000 00000 00000
00000 00000 00000 00000
00000 00000 00000 00000
