00000 00000 00000 00000
00000 00000 00000 00000
00000 00000 00000 00000
00000 00000 00000 00000

00000 00000 00000 00000
00000 00000 00000 00000
00000 00000 00000 00000
00000 00000 00000 00000

00000 00000 00000 00000
00000 00000 00000 00000
00000 00000 00000 00000
00000 00000 00000 00000

00000 00000 00000 00000
00000 00000 00000 00000
00000 00000 00000 00000
00000 00000 00000 00000

00000 00000 00000 00000
32415 00000 32415 00000
32415 00000 00000 00000
00000 00000 32415 00000

00000 00000 00000 00000
32415 00000 32415 00000
32415 00000 00000 00000
32415 00000 00000 00000

00000 00000 00000 00000
32415 00000 32415 00000
32415 00000 32415 00000
32415 32415 00000 00000

00000 00000 00000 00000
32415 00000 32415 00000
32415 00000 00000 00000
32415 00000 00000 00000

00000 00000 00000 00000
32415 00000 32415 00000
32415 00000 00000 00000
00000 00000 32415 00000

00000 00000 00000 00000
32415 00000 32415 00000
32415 00000 00000 00000
32415 00000 00000 00000

00000 00000 00000 00000
32415 00000 32415 00000
32415 00000 00000 00000
32415 00000 00000 00000

00000 00000 00000 00000
32415 00000 32415 00000
32415 00000 32415 00000
32415 00000 32415 00000

32415 00000 00000 00000
32415 00000 00000 00000
00000 00000 00000 00000
00000 00000 00000 00000

00000 00000 00000 00000
32415 00000 32415 00000
32415 00000 32415 00000
32415 00000 32415 00000

32415 00000 00000 00000
32415 00000 00000 00000
00000 00000 00000 00000
00000 00000 32415 00000

32415 00000 32415 00000
32415 00000 32415 00000
32415 00000 32415 00000
32415 00000 32415 00000

32415 00000 00000 00000
32415 00000 00000 00000
00000 00000 00000 00000
00000 00000 00000 00000

00000 00000 00000 00000
32415 00000 32415 00000
32415 00000 32415 00000
32415 00000 32415 00000

32415 00000 00000 00000
32415 00000 00000 00000
00000 00000 00000 00000
00000 00000 00000 00000
