00000 00000 00000 00000
00000 00000 00000 00000
00000 00000 00000 00000
00000 00000 00000 00000
00000 00000 00000 00000
00000 00000 00000 00000
00000 00000 00000 00000
00000 00000 00000 00000
00000 00000 00000 00000
00000 00000 00000 00000
00000 00000 00000 00000
00000 00000 00000 00000
00000 00000 00000 00000
00000 00000 00000 00000
00000 00000 00000 00000
00000 00000 00000 00000
00000 00000 00000 00000
00000 23254 00000 00000
00000 00000 00000 00000
00000 00000 00000 00000
00000 00000 00000 00000
00000 00000 00000 00000
00000 00000 00000 00000
00000 00000 00000 00000
00000 00000 00000 00000
00000 00000 23254 23254
13741 13741 00000 00000
00000 23254 23254 23254
13741 13741 00000 00000
00000 00000 00000 00000
00000 00000 00000 00000
00000 00000 00000 00000
00000 00000 00000 00000
00000 00000 00000 00000
00000 00000 00000 00000
00000 00000 00000 00000
00000 00000 00000 00000
32767 32767 32767 32767
32767 32767 32767 32767
32767 32767 32767 32767
32767 32767 32767 32767
00000 00000 00000 00000
00000 00000 00000 00000
00000 00000 00000 00000
00000 00000 00000 00000
00000 00000 00000 00000
00000 00000 00000 00000
00000 00000 00000 00000
00000 00000 00000 00000
00000 00000 00000 00000
00000 00000 00000 00000
00000 00000 00000 00000
00000 00000 00000 00000
00000 00000 00000 00000
00000 00000 00000 00000
00000 00000 00000 00000
00000 00000 00000 00000
00000 00000 00000 00000
00000 00000 00000 00000
00000 00000 00000 00000
00000 00000 00000 00000
00000 00000 00000 00000
00000 00000 00000 00000
00000 00000 00000 00000
